UUU	0	0.0	0	0.0	
UCU	0	0.0	4	0.0	
UAU	3	2.0	0	0.0	
UGU	0	0.0	1	0.0	
UUC	0	0.0	0	0.0	
UCC	0	0.0	3	0.0	
UAC	0	0.0	0	0.0	
UGC	0	0.0	8	0.0	
UUA	0	0.0	1	0.0	
UCA	0	0.0	2	0.0	
UAA	23	3.0	1	2.0	
UGA	0	0.0	1	0.0	
UUG	0	0.0	1	0.0	
UCG	0	0.0	1	0.0	
UAG	0	0.0	1	0.0	
UGG	3	1.0	2	0.0	
CUU	0	0.0	2	0.0	
CCU	3	1.0	5	1.0	
CAU	1	0.0	1	0.0	
CGU	0	0.0	0	0.0	
CUC	0	0.0	1	0.0	
CCC	3	1.0	8	0.0	
CAC	3	1.0	2	0.0	
CGC	0	0.0	1	0.0	
CUA	0	0.0	0	0.0	
CCA	0	0.0	5	0.0	
CAA	2	0.0	0	0.0	
CAG	5	1.0	1	0.0	
CUG	0	0.0	2	0.0	
CCG	4	1.0	6	0.0	
CAG	5	1.0	1	0.0	
CGG	3	1.0	2	0.0	
AUU	0	0.0	1	0.0	
ACU	0	0.0	1	0.0	
AAU	14	2.0	3	0.0	
AGU	0	0.0	2	0.0	
AUC	0	0.0	0	0.0	
ACC	0	0.0	1	0.0	
AAC	0	0.0	0	0.0	
AGC	4	6.0	2	6.0	
AUA	23	3.0	1	2.0	
ACA	0	0.0	4	0.0	
AAA	57	1.0	2	1.0	
AGA	2	1.0	2	0.0	
AUG	0	0.0	1	0.0	
ACG	0	0.0	0	0.0	
AAG	6	0.0	3	0.0	
AGG	3	1.0	6	0.0	
GUU	0	0.0	0	0.0	
GCU	0	0.0	1	0.0	
GAU	0	0.0	0	0.0	
GGU	0	0.0	2	0.0	
GUC	0	0.0	0	0.0	
GCC	0	0.0	5	0.0	
GAC	0	0.0	1	0.0	
GGC	3	1.0	3	0.0	
GUA	0	0.0	0	0.0	
GCA	6	4.0	4	3.0	
GAA	3	2.0	2	1.0	
GGA	6	2.0	4	1.0	
GUG	0	0.0	2	0.0	
GCG	0	0.0	2	0.0	
GAG	0	0.0	2	0.0	
GGG	3	1.0	3	0.0	
